0 0.163427 0.394692 0.095329 0.119806 0.919567
0 0.354447 0.464796 0.0573994 0.0659197 0.910198
2 0.153717 0.665673 0.307434 0.667273 0.903658
2 0.343872 0.714138 0.13715 0.570827 0.847263
2 0.737073 0.791271 0.0696891 0.332592 0.841903
2 0.470074 0.803108 0.0614039 0.253798 0.840786
2 0.815454 0.808443 0.0630295 0.26629 0.813476
0 0.734748 0.643906 0.0339365 0.0397999 0.753129
2 0.454624 0.412006 0.0251329 0.111874 0.749035
0 0.460881 0.693446 0.02248 0.0300983 0.64447
1 0.812619 0.687758 0.0225595 0.0221718 0.535694
0 0.453156 0.36449 0.0124716 0.0155299 0.47029
0 0.163427 0.394692 0.095329 0.119806 0.919567
0 0.354447 0.464796 0.0573994 0.0659197 0.910198
2 0.153717 0.665673 0.307434 0.667273 0.903658
2 0.343872 0.714138 0.13715 0.570827 0.847263
2 0.737073 0.791271 0.0696891 0.332592 0.841903
2 0.470074 0.803108 0.0614039 0.253798 0.840786
2 0.815454 0.808443 0.0630295 0.26629 0.813476
0 0.734748 0.643906 0.0339365 0.0397999 0.753129
2 0.454624 0.412006 0.0251329 0.111874 0.749035
0 0.460881 0.693446 0.02248 0.0300983 0.64447
1 0.812619 0.687758 0.0225595 0.0221718 0.535694
0 0.453156 0.36449 0.0124716 0.0155299 0.47029
