0 0.204757 0.25016 0.255469 0.332841 0.913935
2 0.655188 0.547654 0.335189 0.902419 0.887532
0 0.618457 0.204642 0.149291 0.173352 0.884106
2 0.395288 0.598535 0.227312 0.802931 0.870064
0 0.37068 0.290373 0.14274 0.182435 0.85951
2 0.209555 0.565963 0.417339 0.868074 0.846798
0 0.204757 0.25016 0.255469 0.332841 0.913935
2 0.655188 0.547654 0.335189 0.902419 0.887532
0 0.618457 0.204642 0.149291 0.173352 0.884106
2 0.395288 0.598535 0.227312 0.802931 0.870064
0 0.37068 0.290373 0.14274 0.182435 0.85951
2 0.209555 0.565963 0.417339 0.868074 0.846798
