0 0.166418 0.398008 0.0880577 0.0867772 0.907096
2 0.138692 0.674721 0.175652 0.650559 0.873728
2 0.607741 0.687218 0.123837 0.555116 0.855114
0 0.392861 0.406592 0.076561 0.0766667 0.85407
2 0.472411 0.679423 0.122329 0.591606 0.851799
0 0.614624 0.438233 0.0521441 0.0563413 0.839354
0 0.463027 0.417552 0.0499483 0.0557982 0.836838
2 0.376942 0.685909 0.129917 0.622354 0.8312
0 0.693712 0.45259 0.0451551 0.0447437 0.831097
2 0.835789 0.700088 0.136457 0.587652 0.828788
2 0.962342 0.643728 0.0746586 0.284275 0.817399
2 0.247353 0.659905 0.114411 0.498097 0.809208
0 0.240416 0.440915 0.0474607 0.0485172 0.80889
2 0.707565 0.675686 0.105151 0.49775 0.804565
0 0.83522 0.441888 0.0568523 0.0646235 0.772458
0 0.778 0.459216 0.0453743 0.0396538 0.681079
0 0.974204 0.520107 0.0313808 0.0332173 0.672742
2 0.76962 0.657304 0.0770962 0.443566 0.568085
0 0.979136 0.513807 0.0221369 0.0237801 0.380027
2 0.978531 0.645535 0.0426691 0.288577 0.366315
0 0.166418 0.398008 0.0880577 0.0867772 0.907096
2 0.138692 0.674721 0.175652 0.650559 0.873728
2 0.607741 0.687218 0.123837 0.555116 0.855114
0 0.392861 0.406592 0.076561 0.0766667 0.85407
2 0.472411 0.679423 0.122329 0.591606 0.851799
0 0.614624 0.438233 0.0521441 0.0563413 0.839354
0 0.463027 0.417552 0.0499483 0.0557982 0.836838
2 0.376942 0.685909 0.129917 0.622354 0.8312
0 0.693712 0.45259 0.0451551 0.0447437 0.831097
2 0.835789 0.700088 0.136457 0.587652 0.828788
2 0.962342 0.643728 0.0746586 0.284275 0.817399
2 0.247353 0.659905 0.114411 0.498097 0.809208
0 0.240416 0.440915 0.0474607 0.0485172 0.80889
2 0.707565 0.675686 0.105151 0.49775 0.804565
0 0.83522 0.441888 0.0568523 0.0646235 0.772458
0 0.778 0.459216 0.0453743 0.0396538 0.681079
0 0.974204 0.520107 0.0313808 0.0332173 0.672742
2 0.76962 0.657304 0.0770962 0.443566 0.568085
0 0.979136 0.513807 0.0221369 0.0237801 0.380027
2 0.978531 0.645535 0.0426691 0.288577 0.366315
