0 0.693795 0.592535 0.0725304 0.0605202 0.901
0 0.273063 0.678548 0.0824671 0.0874754 0.885814
0 0.491832 0.655812 0.0490187 0.0643339 0.880643
2 0.709727 0.779239 0.136819 0.441003 0.879311
2 0.212996 0.788116 0.11545 0.423767 0.878324
0 0.557391 0.648698 0.0636633 0.0742248 0.863053
2 0.557211 0.805567 0.15391 0.388498 0.853401
0 0.226445 0.607342 0.0707651 0.0609988 0.839449
2 0.266331 0.817984 0.191473 0.364032 0.836394
2 0.379349 0.790348 0.104633 0.418976 0.811017
2 0.485537 0.809909 0.114524 0.379072 0.793109
0 0.38892 0.603 0.0394717 0.0403934 0.771836
0 0.693795 0.592535 0.0725304 0.0605202 0.901
0 0.273063 0.678548 0.0824671 0.0874754 0.885814
0 0.491832 0.655812 0.0490187 0.0643339 0.880643
2 0.709727 0.779239 0.136819 0.441003 0.879311
2 0.212996 0.788116 0.11545 0.423767 0.878324
0 0.557391 0.648698 0.0636633 0.0742248 0.863053
2 0.557211 0.805567 0.15391 0.388498 0.853401
0 0.226445 0.607342 0.0707651 0.0609988 0.839449
2 0.266331 0.817984 0.191473 0.364032 0.836394
2 0.379349 0.790348 0.104633 0.418976 0.811017
2 0.485537 0.809909 0.114524 0.379072 0.793109
0 0.38892 0.603 0.0394717 0.0403934 0.771836
