2 0.582284 0.45661 0.0343018 0.155723 0.774468
2 0.184092 0.696952 0.0367893 0.177538 0.590684
2 0.303475 0.520311 0.032423 0.170076 0.562085
0 0.303649 0.442956 0.0132321 0.0205225 0.507005
2 0.160155 0.657767 0.0307651 0.174862 0.502863
0 0.159418 0.579008 0.0111279 0.0137428 0.301201
2 0.188977 0.671822 0.0421674 0.21581 0.254992
2 0.582284 0.45661 0.0343018 0.155723 0.774468
2 0.184092 0.696952 0.0367893 0.177538 0.590684
2 0.303475 0.520311 0.032423 0.170076 0.562085
0 0.303649 0.442956 0.0132321 0.0205225 0.507005
2 0.160155 0.657767 0.0307651 0.174862 0.502863
0 0.159418 0.579008 0.0111279 0.0137428 0.301201
2 0.188977 0.671822 0.0421674 0.21581 0.254992
