2 0.157557 0.644385 0.15738 0.342672 0.747772
2 0.635239 0.641365 0.0258335 0.0864607 0.532365
2 0.0720522 0.662405 0.117466 0.379199 0.486451
0 0.101035 0.486389 0.0156398 0.0254015 0.421829
2 0.119312 0.668873 0.0944492 0.359049 0.418968
2 0.844337 0.635766 0.0181343 0.0347176 0.264116
2 0.157557 0.644385 0.15738 0.342672 0.747772
2 0.635239 0.641365 0.0258335 0.0864607 0.532365
2 0.0720522 0.662405 0.117466 0.379199 0.486451
0 0.101035 0.486389 0.0156398 0.0254015 0.421829
2 0.119312 0.668873 0.0944492 0.359049 0.418968
2 0.844337 0.635766 0.0181343 0.0347176 0.264116
