2 0.205078 0.697848 0.409152 0.59791 0.941482
0 0.514895 0.0801986 0.207013 0.159491 0.917263
2 0.213532 0.199733 0.39119 0.399109 0.910986
0 0.687272 0.542649 0.111649 0.111087 0.906705
2 0.524048 0.199485 0.230393 0.39853 0.86455
2 0.501539 0.696523 0.184753 0.606853 0.855119
0 0.528908 0.430868 0.104811 0.0656351 0.843482
0 0.951709 0.470761 0.0965816 0.143672 0.829573
0 0.794908 0.57833 0.0678038 0.0622693 0.826954
0 0.583699 0.514139 0.0655911 0.0650391 0.817706
2 0.585166 0.734712 0.330617 0.526359 0.815577
2 0.795057 0.199644 0.409886 0.399288 0.811413
2 0.594523 0.609522 0.0736877 0.155286 0.796638
0 0.612824 0.560392 0.0425868 0.0548371 0.786618
0 0.968226 0.718027 0.0629322 0.0856274 0.766657
0 0.883453 0.610819 0.0906309 0.0643368 0.750337
0 0.938842 0.117891 0.122256 0.235782 0.728211
0 0.420076 0.494308 0.0249279 0.0694801 0.673018
2 0.423691 0.520314 0.0304051 0.10954 0.604531
2 0.436929 0.529727 0.0420504 0.0891354 0.550152
2 0.429564 0.519114 0.0352474 0.104253 0.485327
2 0.447695 0.5439 0.0319994 0.049361 0.465316
2 0.952405 0.542933 0.0951893 0.281803 0.44294
0 0.422062 0.513005 0.0289085 0.10757 0.43734
2 0.881356 0.621114 0.0860138 0.0910249 0.435371
2 0.938974 0.698929 0.122052 0.598431 0.416508
0 0.469181 0.515733 0.0236496 0.0361938 0.41158
2 0.589043 0.588701 0.0805149 0.198979 0.405995
2 0.182924 0.435449 0.155137 0.0730138 0.390136
2 0.435632 0.539185 0.0504538 0.129994 0.385333
2 0.425095 0.538226 0.0321102 0.132968 0.385073
2 0.818711 0.702443 0.362578 0.595114 0.31205
2 0.909891 0.699635 0.180219 0.59785 0.299815
2 0.924415 0.82947 0.151171 0.341059 0.289112
0 0.0238801 0.057713 0.0477603 0.0715464 0.287106
0 0.472105 0.509837 0.0239614 0.0453639 0.251132
2 0.205078 0.697848 0.409152 0.59791 0.941482
0 0.514895 0.0801986 0.207013 0.159491 0.917263
2 0.213532 0.199733 0.39119 0.399109 0.910986
0 0.687272 0.542649 0.111649 0.111087 0.906705
2 0.524048 0.199485 0.230393 0.39853 0.86455
2 0.501539 0.696523 0.184753 0.606853 0.855119
0 0.528908 0.430868 0.104811 0.0656351 0.843482
0 0.951709 0.470761 0.0965816 0.143672 0.829573
0 0.794908 0.57833 0.0678038 0.0622693 0.826954
0 0.583699 0.514139 0.0655911 0.0650391 0.817706
2 0.585166 0.734712 0.330617 0.526359 0.815577
2 0.795057 0.199644 0.409886 0.399288 0.811413
2 0.594523 0.609522 0.0736877 0.155286 0.796638
0 0.612824 0.560392 0.0425868 0.0548371 0.786618
0 0.968226 0.718027 0.0629322 0.0856274 0.766657
0 0.883453 0.610819 0.0906309 0.0643368 0.750337
0 0.938842 0.117891 0.122256 0.235782 0.728211
0 0.420076 0.494308 0.0249279 0.0694801 0.673018
2 0.423691 0.520314 0.0304051 0.10954 0.604531
2 0.436929 0.529727 0.0420504 0.0891354 0.550152
2 0.429564 0.519114 0.0352474 0.104253 0.485327
2 0.447695 0.5439 0.0319994 0.049361 0.465316
2 0.952405 0.542933 0.0951893 0.281803 0.44294
0 0.422062 0.513005 0.0289085 0.10757 0.43734
2 0.881356 0.621114 0.0860138 0.0910249 0.435371
2 0.938974 0.698929 0.122052 0.598431 0.416508
0 0.469181 0.515733 0.0236496 0.0361938 0.41158
2 0.589043 0.588701 0.0805149 0.198979 0.405995
2 0.182924 0.435449 0.155137 0.0730138 0.390136
2 0.435632 0.539185 0.0504538 0.129994 0.385333
2 0.425095 0.538226 0.0321102 0.132968 0.385073
2 0.818711 0.702443 0.362578 0.595114 0.31205
2 0.909891 0.699635 0.180219 0.59785 0.299815
2 0.924415 0.82947 0.151171 0.341059 0.289112
0 0.0238801 0.057713 0.0477603 0.0715464 0.287106
0 0.472105 0.509837 0.0239614 0.0453639 0.251132
