0 0.548466 0.376892 0.0315552 0.0338103 0.880296
0 0.415625 0.351281 0.0290293 0.0316046 0.875071
0 0.465671 0.371695 0.0308534 0.0383019 0.862641
0 0.537398 0.327223 0.0287699 0.0309889 0.862339
0 0.168017 0.338708 0.0343834 0.0333035 0.843058
0 0.251951 0.341388 0.0298955 0.0303206 0.842264
0 0.288319 0.37415 0.0344126 0.0384556 0.826865
2 0.14549 0.557748 0.0863334 0.398556 0.825466
0 0.503579 0.357211 0.0288914 0.0306532 0.824026
0 0.146716 0.379896 0.038421 0.0389363 0.820609
0 0.378452 0.365958 0.0318048 0.0335328 0.819212
2 0.846245 0.559984 0.101659 0.433477 0.81782
2 0.4638 0.532449 0.0865493 0.369479 0.812054
0 0.331873 0.343877 0.0318518 0.0325679 0.811043
0 0.61503 0.341557 0.0285483 0.0293311 0.807401
0 0.634455 0.371475 0.0326713 0.0343542 0.806305
0 0.584594 0.347615 0.0305609 0.0335011 0.804567
2 0.549759 0.532404 0.0875667 0.376625 0.799001
0 0.707322 0.348194 0.0332319 0.0354216 0.785029
0 0.768535 0.387655 0.0406313 0.0401319 0.780442
0 0.846729 0.361676 0.043766 0.0372011 0.774981
0 0.223001 0.38748 0.0331979 0.0342873 0.769614
2 0.764199 0.5623 0.0903265 0.407522 0.761894
2 0.635181 0.527268 0.0767438 0.373893 0.761701
2 0.701561 0.5289 0.08724 0.39451 0.738703
2 0.382877 0.518853 0.0800709 0.368874 0.728564
0 0.788403 0.326558 0.0352074 0.0361562 0.726859
0 0.447933 0.334566 0.0279804 0.029484 0.726334
0 0.671781 0.358284 0.0283969 0.0330135 0.723052
2 0.336136 0.500776 0.0701405 0.35456 0.720112
2 0.223441 0.536058 0.0713039 0.351603 0.703665
2 0.50938 0.497842 0.0676194 0.32605 0.69937
2 0.595873 0.505097 0.0624989 0.35345 0.621426
2 0.799067 0.497966 0.0590481 0.373018 0.596965
2 0.421842 0.514335 0.0616483 0.348732 0.578912
2 0.668423 0.514033 0.0576426 0.339463 0.564975
2 0.287204 0.527198 0.0719285 0.367548 0.556414
2 0.500396 0.508323 0.0508631 0.326117 0.551928
2 0.259087 0.48672 0.0568992 0.328207 0.542131
2 0.396313 0.518519 0.0686687 0.348215 0.539641
2 0.407747 0.515362 0.0626005 0.344402 0.518762
2 0.183297 0.488448 0.0736443 0.340011 0.49232
2 0.682891 0.512758 0.0732985 0.360954 0.480389
2 0.648518 0.524241 0.0685753 0.357925 0.471793
2 0.617199 0.521627 0.0610611 0.370985 0.464822
2 0.608445 0.517977 0.0561306 0.345448 0.440362
2 0.325112 0.513474 0.0518654 0.361914 0.431737
2 0.802382 0.470808 0.0493109 0.247899 0.428523
2 0.193895 0.505959 0.0357448 0.315052 0.414315
2 0.305371 0.516455 0.0704976 0.362934 0.391861
2 0.258467 0.520409 0.0370521 0.329647 0.333528
2 0.267583 0.527564 0.035778 0.343482 0.315278
2 0.169719 0.510595 0.0693525 0.374329 0.313122
2 0.804083 0.541751 0.0722305 0.38852 0.2784
2 0.79221 0.541454 0.0565102 0.35984 0.276134
2 0.253981 0.451715 0.0381024 0.209879 0.254217
0 0.548466 0.376892 0.0315552 0.0338103 0.880296
0 0.415625 0.351281 0.0290293 0.0316046 0.875071
0 0.465671 0.371695 0.0308534 0.0383019 0.862641
0 0.537398 0.327223 0.0287699 0.0309889 0.862339
0 0.168017 0.338708 0.0343834 0.0333035 0.843058
0 0.251951 0.341388 0.0298955 0.0303206 0.842264
0 0.288319 0.37415 0.0344126 0.0384556 0.826865
2 0.14549 0.557748 0.0863334 0.398556 0.825466
0 0.503579 0.357211 0.0288914 0.0306532 0.824026
0 0.146716 0.379896 0.038421 0.0389363 0.820609
0 0.378452 0.365958 0.0318048 0.0335328 0.819212
2 0.846245 0.559984 0.101659 0.433477 0.81782
2 0.4638 0.532449 0.0865493 0.369479 0.812054
0 0.331873 0.343877 0.0318518 0.0325679 0.811043
0 0.61503 0.341557 0.0285483 0.0293311 0.807401
0 0.634455 0.371475 0.0326713 0.0343542 0.806305
0 0.584594 0.347615 0.0305609 0.0335011 0.804567
2 0.549759 0.532404 0.0875667 0.376625 0.799001
0 0.707322 0.348194 0.0332319 0.0354216 0.785029
0 0.768535 0.387655 0.0406313 0.0401319 0.780442
0 0.846729 0.361676 0.043766 0.0372011 0.774981
0 0.223001 0.38748 0.0331979 0.0342873 0.769614
2 0.764199 0.5623 0.0903265 0.407522 0.761894
2 0.635181 0.527268 0.0767438 0.373893 0.761701
2 0.701561 0.5289 0.08724 0.39451 0.738703
2 0.382877 0.518853 0.0800709 0.368874 0.728564
0 0.788403 0.326558 0.0352074 0.0361562 0.726859
0 0.447933 0.334566 0.0279804 0.029484 0.726334
0 0.671781 0.358284 0.0283969 0.0330135 0.723052
2 0.336136 0.500776 0.0701405 0.35456 0.720112
2 0.223441 0.536058 0.0713039 0.351603 0.703665
2 0.50938 0.497842 0.0676194 0.32605 0.69937
2 0.595873 0.505097 0.0624989 0.35345 0.621426
2 0.799067 0.497966 0.0590481 0.373018 0.596965
2 0.421842 0.514335 0.0616483 0.348732 0.578912
2 0.668423 0.514033 0.0576426 0.339463 0.564975
2 0.287204 0.527198 0.0719285 0.367548 0.556414
2 0.500396 0.508323 0.0508631 0.326117 0.551928
2 0.259087 0.48672 0.0568992 0.328207 0.542131
2 0.396313 0.518519 0.0686687 0.348215 0.539641
2 0.407747 0.515362 0.0626005 0.344402 0.518762
2 0.183297 0.488448 0.0736443 0.340011 0.49232
2 0.682891 0.512758 0.0732985 0.360954 0.480389
2 0.648518 0.524241 0.0685753 0.357925 0.471793
2 0.617199 0.521627 0.0610611 0.370985 0.464822
2 0.608445 0.517977 0.0561306 0.345448 0.440362
2 0.325112 0.513474 0.0518654 0.361914 0.431737
2 0.802382 0.470808 0.0493109 0.247899 0.428523
2 0.193895 0.505959 0.0357448 0.315052 0.414315
2 0.305371 0.516455 0.0704976 0.362934 0.391861
2 0.258467 0.520409 0.0370521 0.329647 0.333528
2 0.267583 0.527564 0.035778 0.343482 0.315278
2 0.169719 0.510595 0.0693525 0.374329 0.313122
2 0.804083 0.541751 0.0722305 0.38852 0.2784
2 0.79221 0.541454 0.0565102 0.35984 0.276134
2 0.253981 0.451715 0.0381024 0.209879 0.254217
