0 0.271404 0.0404306 0.0781644 0.0808471 0.869135
2 0.242281 0.239267 0.238199 0.477454 0.837179
2 0.177181 0.638442 0.250945 0.560039 0.836786
0 0.722034 0.165475 0.0551775 0.0680002 0.725082
1 0.172925 0.415029 0.0816401 0.0950236 0.721319
2 0.744363 0.43977 0.107928 0.632307 0.626804
0 0.271404 0.0404306 0.0781644 0.0808471 0.869135
2 0.242281 0.239267 0.238199 0.477454 0.837179
2 0.177181 0.638442 0.250945 0.560039 0.836786
0 0.722034 0.165475 0.0551775 0.0680002 0.725082
1 0.172925 0.415029 0.0816401 0.0950236 0.721319
2 0.744363 0.43977 0.107928 0.632307 0.626804
