0 0.419264 0.285763 0.0874121 0.0864444 0.887517
0 0.169133 0.340157 0.0448403 0.0529072 0.846526
2 0.706781 0.487658 0.0689039 0.263841 0.834381
0 0.305934 0.265009 0.0859314 0.0950522 0.834081
2 0.524512 0.501472 0.0745071 0.32526 0.822863
0 0.514746 0.358458 0.0319559 0.036851 0.821963
2 0.652956 0.49646 0.076626 0.305261 0.814169
0 0.646982 0.361921 0.0299329 0.0335785 0.807768
2 0.130328 0.49979 0.0800826 0.35323 0.804365
2 0.418042 0.61574 0.189695 0.761866 0.768084
0 0.375357 0.366763 0.0248326 0.0287957 0.750012
2 0.275281 0.579912 0.199165 0.734279 0.733605
2 0.177166 0.484006 0.0833778 0.3366 0.723291
0 0.462089 0.352889 0.0357952 0.0313609 0.714889
0 0.691811 0.376505 0.029408 0.0379628 0.694932
0 0.667658 0.378987 0.0239981 0.0308794 0.547995
0 0.143437 0.355191 0.0266585 0.0485807 0.502852
2 0.475071 0.503234 0.0961438 0.332505 0.456977
2 0.679999 0.479816 0.0607694 0.254049 0.355796
2 0.93632 0.537572 0.0422195 0.330971 0.350461
2 0.183042 0.544622 0.0829832 0.458862 0.272828
2 0.491203 0.499264 0.0774017 0.337249 0.256338
0 0.419264 0.285763 0.0874121 0.0864444 0.887517
0 0.169133 0.340157 0.0448403 0.0529072 0.846526
2 0.706781 0.487658 0.0689039 0.263841 0.834381
0 0.305934 0.265009 0.0859314 0.0950522 0.834081
2 0.524512 0.501472 0.0745071 0.32526 0.822863
0 0.514746 0.358458 0.0319559 0.036851 0.821963
2 0.652956 0.49646 0.076626 0.305261 0.814169
0 0.646982 0.361921 0.0299329 0.0335785 0.807768
2 0.130328 0.49979 0.0800826 0.35323 0.804365
2 0.418042 0.61574 0.189695 0.761866 0.768084
0 0.375357 0.366763 0.0248326 0.0287957 0.750012
2 0.275281 0.579912 0.199165 0.734279 0.733605
2 0.177166 0.484006 0.0833778 0.3366 0.723291
0 0.462089 0.352889 0.0357952 0.0313609 0.714889
0 0.691811 0.376505 0.029408 0.0379628 0.694932
0 0.667658 0.378987 0.0239981 0.0308794 0.547995
0 0.143437 0.355191 0.0266585 0.0485807 0.502852
2 0.475071 0.503234 0.0961438 0.332505 0.456977
2 0.679999 0.479816 0.0607694 0.254049 0.355796
2 0.93632 0.537572 0.0422195 0.330971 0.350461
2 0.183042 0.544622 0.0829832 0.458862 0.272828
2 0.491203 0.499264 0.0774017 0.337249 0.256338
