1 0.424959 0.0835263 0.0624922 0.0453446 0.879631
1 0.288802 0.176038 0.0571733 0.0550645 0.860597
1 0.530905 0.0985266 0.0735617 0.0632949 0.852145
2 0.510216 0.507008 0.198003 0.870248 0.845198
2 0.14997 0.433349 0.160778 0.61475 0.824741
1 0.694419 0.119522 0.0640266 0.0567028 0.818226
1 0.939826 0.0361643 0.0845486 0.0721378 0.807805
2 0.704883 0.517729 0.176617 0.942777 0.793314
2 0.91649 0.580122 0.166693 0.836301 0.784249
2 0.267955 0.443507 0.123418 0.599566 0.778665
2 0.0601799 0.409602 0.12036 0.557835 0.77799
1 0.15847 0.141697 0.0442247 0.0301867 0.767283
2 0.402132 0.402313 0.181853 0.690926 0.752398
2 0.384582 0.474051 0.1438 0.71677 0.691661
2 0.878877 0.508722 0.153429 0.982556 0.675464
2 0.93929 0.515956 0.121314 0.965053 0.620247
1 0.0637263 0.156841 0.0448797 0.0298676 0.543511
2 0.62141 0.28049 0.0534136 0.187838 0.535487
1 0.628935 0.201104 0.0277153 0.0306226 0.511901
2 0.891674 0.396269 0.179144 0.792539 0.489968
1 0.424959 0.0835263 0.0624922 0.0453446 0.879631
1 0.288802 0.176038 0.0571733 0.0550645 0.860597
1 0.530905 0.0985266 0.0735617 0.0632949 0.852145
2 0.510216 0.507008 0.198003 0.870248 0.845198
2 0.14997 0.433349 0.160778 0.61475 0.824741
1 0.694419 0.119522 0.0640266 0.0567028 0.818226
1 0.939826 0.0361643 0.0845486 0.0721378 0.807805
2 0.704883 0.517729 0.176617 0.942777 0.793314
2 0.91649 0.580122 0.166693 0.836301 0.784249
2 0.267955 0.443507 0.123418 0.599566 0.778665
2 0.0601799 0.409602 0.12036 0.557835 0.77799
1 0.15847 0.141697 0.0442247 0.0301867 0.767283
2 0.402132 0.402313 0.181853 0.690926 0.752398
2 0.384582 0.474051 0.1438 0.71677 0.691661
2 0.878877 0.508722 0.153429 0.982556 0.675464
2 0.93929 0.515956 0.121314 0.965053 0.620247
1 0.0637263 0.156841 0.0448797 0.0298676 0.543511
2 0.62141 0.28049 0.0534136 0.187838 0.535487
1 0.628935 0.201104 0.0277153 0.0306226 0.511901
2 0.891674 0.396269 0.179144 0.792539 0.489968
