2 0.811304 0.401572 0.0311693 0.0866747 0.868456
2 0.325819 0.563637 0.0198091 0.0264788 0.499033
2 0.346489 0.363319 0.0227699 0.0582808 0.440179
2 0.351801 0.359066 0.0210056 0.0507512 0.303393
2 0.350181 0.355035 0.0181692 0.0414963 0.301155
2 0.341451 0.361946 0.0205384 0.0584593 0.261315
2 0.811304 0.401572 0.0311693 0.0866747 0.868456
2 0.325819 0.563637 0.0198091 0.0264788 0.499033
2 0.346489 0.363319 0.0227699 0.0582808 0.440179
2 0.351801 0.359066 0.0210056 0.0507512 0.303393
2 0.350181 0.355035 0.0181692 0.0414963 0.301155
2 0.341451 0.361946 0.0205384 0.0584593 0.261315
