0 0.492369 0.700963 0.170165 0.598073 0.786692
0 0.254215 0.19768 0.310216 0.394744 0.705491
0 0.884472 0.195562 0.229092 0.391123 0.695047
0 0.610331 0.748178 0.305401 0.496869 0.69453
0 0.226894 0.676798 0.361258 0.549255 0.616466
0 0.775169 0.633558 0.0958475 0.162809 0.563402
0 0.588969 0.587323 0.0840565 0.201127 0.534499
0 0.728091 0.227726 0.226739 0.323977 0.34529
0 0.863058 0.699809 0.272747 0.596368 0.333543
0 0.350068 0.195879 0.515146 0.390909 0.277694
0 0.951408 0.698295 0.0966534 0.594013 0.258372
17 0.851946 0.828719 0.289091 0.340392 0.25559
