0 0.845505 0.560691 0.0947199 0.42274 0.789801
0 0.225074 0.539704 0.08351 0.320406 0.785255
0 0.148143 0.545579 0.080156 0.36267 0.770776
0 0.548099 0.541726 0.0801909 0.337003 0.723415
0 0.463616 0.536211 0.0911083 0.348433 0.722628
0 0.380905 0.524894 0.0851221 0.349912 0.696637
0 0.635785 0.541498 0.0857176 0.336004 0.691516
0 0.291428 0.531288 0.0891218 0.347434 0.673395
0 0.754934 0.560671 0.0963814 0.383325 0.664095
0 0.702588 0.532746 0.0850975 0.367129 0.526908
0 0.177074 0.388327 0.0517092 0.12664 0.38273
27 0.382678 0.438335 0.0152149 0.0401161 0.333398
27 0.694685 0.437537 0.0139746 0.0537088 0.274384
