0 0.0551205 0.413297 0.110241 0.533609 0.806605
0 0.514463 0.519762 0.202575 0.918877 0.783193
0 0.703169 0.53311 0.186582 0.887254 0.777903
0 0.143834 0.4332 0.145645 0.608764 0.755487
0 0.398486 0.457407 0.15928 0.797456 0.712765
0 0.905108 0.540343 0.187716 0.916872 0.7111
26 0.0506552 0.377996 0.066626 0.132152 0.698282
0 0.266246 0.457977 0.123506 0.613211 0.672378
26 0.325344 0.596835 0.107329 0.261222 0.641745
0 0.949864 0.540783 0.0997099 0.914051 0.390101
26 0.651938 0.473935 0.0852665 0.20292 0.300404
0 0.621522 0.239228 0.0646675 0.105505 0.252201
